rand graph 50, isDirected, isDAG, 3 connectivity
id: 0 edges: 32  9 12 33 
id: 1 edges: 24 32  6 13 
id: 2 edges: 49 12  7  4 
id: 3 edges: 39 47 25 36 
id: 4 edges: 38  7 23 
id: 5 edges: 26 25 29 48 
id: 6 edges: 20 12 19 
id: 7 edges:  8 29 
id: 8 edges: 17 13 18 
id: 9 edges: 26 16 33 
id:10 edges: 28 30 40 48 
id:11 edges: 47 38 25 21 
id:12 edges: 30 17 
id:13 edges: 32 22 
id:14 edges: 31 42 43 21 
id:15 edges: 45 39 19 18 
id:16 edges: 47 43 18 
id:17 edges: 30 43 
id:18 edges: 27 49 
id:19 edges: 24 41 
id:20 edges: 47 29 33 
id:21 edges: 45 24 
id:22 edges: 24 40 48 
id:23 edges: 40 34 36 
id:24 edges: 
id:25 edges: 46 41 
id:26 edges: 29 
id:27 edges: 32 49 36 
id:28 edges: 31 42 47 
id:29 edges: 
id:30 edges: 32 
id:31 edges: 42 41 
id:32 edges: 
id:33 edges: 34 
id:34 edges: 35 48 
id:35 edges: 37 47 38 
id:36 edges: 38 48 
id:37 edges: 44 49 43 
id:38 edges: 
id:39 edges: 47 43 
id:40 edges: 43 41 
id:41 edges: 
id:42 edges: 46 43 
id:43 edges: 
id:44 edges: 47 
id:45 edges: 46 49 
id:46 edges: 47 
id:47 edges: 
id:48 edges: 
id:49 edges: 

topological sort:
is cyclic

print all chains:
 0 32 
 0  9 26 29 
 0  9 16 47 
 0  9 16 43 
 0  9 16 18 27 32 
 0  9 16 18 27 49 
 0  9 16 18 27 36 38 
 0  9 16 18 27 36 48 
 0  9 16 18 49 
 0  9 33 34 35 37 44 47 
 0  9 33 34 35 37 49 
 0  9 33 34 35 37 43 
 0  9 33 34 35 47 
 0  9 33 34 35 38 
 0  9 33 34 48 
 0 12 30 32 
 0 12 17 30 32 
 0 12 17 43 
 0 33 34 35 37 44 47 
 0 33 34 35 37 49 
 0 33 34 35 37 43 
 0 33 34 35 47 
 0 33 34 35 38 
 0 33 34 48 
 1 24 
 1 32 
 1  6 20 47 
 1  6 20 29 
 1  6 20 33 34 35 37 44 47 
 1  6 20 33 34 35 37 49 
 1  6 20 33 34 35 37 43 
 1  6 20 33 34 35 47 
 1  6 20 33 34 35 38 
 1  6 20 33 34 48 
 1  6 12 30 32 
 1  6 12 17 30 32 
 1  6 12 17 43 
 1  6 19 24 
 1  6 19 41 
 1 13 32 
 1 13 22 24 
 1 13 22 40 43 
 1 13 22 40 41 
 1 13 22 48 
 2 49 
 2 12 30 32 
 2 12 17 30 32 
 2 12 17 43 
 2  7  8 17 30 32 
 2  7  8 17 43 
 2  7  8 13 32 
 2  7  8 13 22 24 
 2  7  8 13 22 40 43 
 2  7  8 13 22 40 41 
 2  7  8 13 22 48 
 2  7  8 18 27 32 
 2  7  8 18 27 49 
 2  7  8 18 27 36 38 
 2  7  8 18 27 36 48 
 2  7  8 18 49 
 2  7 29 
 2  4 38 
 2  4  7  8 17 30 32 
 2  4  7  8 17 43 
 2  4  7  8 13 32 
 2  4  7  8 13 22 24 
 2  4  7  8 13 22 40 43 
 2  4  7  8 13 22 40 41 
 2  4  7  8 13 22 48 
 2  4  7  8 18 27 32 
 2  4  7  8 18 27 49 
 2  4  7  8 18 27 36 38 
 2  4  7  8 18 27 36 48 
 2  4  7  8 18 49 
 2  4  7 29 
 2  4 23 40 43 
 2  4 23 40 41 
 2  4 23 34 35 37 44 47 
 2  4 23 34 35 37 49 
 2  4 23 34 35 37 43 
 2  4 23 34 35 47 
 2  4 23 34 35 38 
 2  4 23 34 48 
 2  4 23 36 38 
 2  4 23 36 48 
 3 39 47 
 3 39 43 
 3 47 
 3 25 46 47 
 3 25 41 
 3 36 38 
 3 36 48 
 5 26 29 
 5 25 46 47 
 5 25 41 
 5 29 
 5 48 
10 28 31 42 46 47 
10 28 31 42 43 
10 28 31 41 
10 28 42 46 47 
10 28 42 43 
10 28 47 
10 30 32 
10 40 43 
10 40 41 
10 48 
11 47 
11 38 
11 25 46 47 
11 25 41 
11 21 45 46 47 
11 21 45 49 
11 21 24 
14 31 42 46 47 
14 31 42 43 
14 31 41 
14 42 46 47 
14 42 43 
14 43 
14 21 45 46 47 
14 21 45 49 
14 21 24 
15 45 46 47 
15 45 49 
15 39 47 
15 39 43 
15 19 24 
15 19 41 
15 18 27 32 
15 18 27 49 
15 18 27 36 38 
15 18 27 36 48 
15 18 49 
